320.31781690745584
356.9650819521799
339.54654383776506
340.8606381187382
358.2089202122184
349.7800388156297
359.0550297811703
349.04809302387235
350.48691290581314
343.8457934244865
346.6337455974802
356.973000460936
359.1605464192521
366.91901086804444
355.4584714568471
372.79749389571225
375.1315585404652
355.0890243108457
355.84424134620025
341.54000856640573
358.7790976635214
353.9025352581861
330.820125956794
339.5056742326917
328.1392294148463
325.3483435938765
347.6305570148235
365.7132336456915
351.56045107807574
318.7559838603561
337.5666320330106
333.62188503745125
336.10816878480915
376.2401576379725
356.9220093791356
364.0629318555739
364.11937789454
350.65859742444604
358.8380782884189
357.55870070826194
357.41016668840103
347.00911101883685
319.5367976104599
335.6667163106499
360.13993738732717
370.06438558811146
391.7522232666507
398.48375607366836
364.2714742393207
335.794508373593
350.237704119835
334.67739859805664
354.0938334176795
389.1776350746773
332.30714673114375
286.9003799201816
327.48278873345686
339.07641206109224
352.905279507543
375.29123228178304
311.8228957529319
