82.95424882674882
87.77674810055345
92.52474571977496
105.19666007754957
86.70285244664626
95.91596647840673
115.85705036758432
103.8167645765284
96.69014569089218
89.7943654924558
89.6368652485547
98.68081351800294
94.93813846922956
107.3028816303778
117.99649250483162
106.69749568764193
100.69033735664836
104.81691194638047
90.66728171236483
88.60569329914415
109.61876943085929
101.38311057642207
100.7835315853065
101.47867133640914
109.32875763928749
108.98978668105954
105.41038477007017
102.25347210052
95.42079970384435
97.47367458611402
100.01065166181606
106.68536676045501
93.02340486150806
101.04722058496483
116.99207511705144
103.56784573887266
105.31120467562008
105.37872856749298
102.17509059194269
102.27579471267785
92.3658082724198
98.57125828246326
107.47550115447409
106.68897879969934
104.56153796934717
103.90887736091864
100.18399072066852
100.7381239347508
107.75035525138738
106.86170181774875
106.16410636940894
97.99138255869083
89.33785009016015
102.25670169871267
105.46630083315875
96.95143530935256
103.63491750032841
111.47538064463384
109.7497678919153
112.26291153488172
98.2949477499365
95.95040982370189
114.13376402774058
111.51109976291573
97.56464042276704
92.47237988739384
97.63818745590163
112.26795534460643
121.58222022959205
103.1561730315673
100.55916200034974
112.32176628933314
96.72140567524436
96.7918999399884
114.72407166336562
110.48626242739462
106.33464224197475
101.4223188554951
97.16451513778254
104.45630873649912
104.68570369699947
98.07768870642109
92.464053132201
98.91991459362731
111.77272686964662
118.98059703565536
105.34910586991506
96.33650911854106
