566.5693995582711
541.2656058117667
556.5532676020365
571.560946302453
576.6475280442585
575.8627065312189
565.3228077331842
553.9969178721296
539.0357708998089
548.2391761234138
559.6196568066426
530.6730247395184
518.9281049165666
563.3288000718036
598.2679878932888
576.1690970064875
574.1589483338677
599.7191294916372
599.165991528706
577.9319943906585
567.9542217649015
562.2680503813162
564.8757173581256
533.8973593183447
532.0650015561696
570.9085241149405
559.5441718089455
538.8805412998056
551.0595063399712
541.9965193834431
497.5161421203316
557.4827426655495
575.2816102194531
551.8138217287742
601.2779913925611
611.9311212700832
608.4138926719318
556.2422959911297
527.3451095045882
563.924153683288
583.9613791612551
598.6097532548173
569.3983826354537
563.254989101258
546.1646863440094
534.0496079788844
567.485694000134
541.5717669548377
517.7818722015953
